10,131
10,160
10,217
10,245
10,226
10,145
10,2
10,3
9,5
9,2
9,3
8,16
8,9
8,11
8,7
8,8
45,4
45,3
45,2
45,1
45,0
44,5
44,4
44,3
44,2
44,1
44,0
32,3
32,1
31,3
31,1
30,3
30,1
28,5
28,4
28,3
28,2
28,1
27,3
27,1
25,4
25,3
25,2
25,1
24,3
24,2
24,1
20,3
20,2
20,1
19,3
19,2
19,1
18,3
18,1
14,3
14,1
13,3
13,1
12,3
12,2
12,1
11,30
11,29
11,28
11,27
11,26
11,25
11,24
11,23
11,21
11,20
11,19
11,18
11,17
11,16
11,15
11,14
11,13
11,12
11,11
11,10
11,9
11,8
11,7
11,6
11,5
11,4
11,3
11,2
11,1
10,308
10,307
10,299
10,294
10,293
10,288
10,279
10,278
10,274
10,271
10,268
10,262
10,258
10,257
10,251
10,244
10,242
10,240
10,235
10,230
10,229
10,223
10,216
10,215
10,214
10,213
10,209
